105
39
35
31
32
35
34
35
35
37
40
40
38
38
40
40
42
43
43
45
46
47
49
49
50
52
53
54
56
63
62
64
63
65
67
65
66
68
68
70
71
73
74
76
78
79
81
83
87
88
94
96
97
99
94
102
105
105
113
116
111
112
114
116
119
130
124
125
125
124
126
128
130
132
134
137
139
142
145
150
152
152
155
163
163
164
171
174
176
172
180
186
191
190
190
194
196
194
198
200
203
205
209
212
215
217
223
225
227
230
233
237
241
243
248
250
254
264
271
279
292
283
292
294
304
285
290
295
299
302
306
310
313
319
320
326
329
336
335
344
344
351
360
356
361
373
373
381
384
393
400
390
396
402
409
417
419
421
428
430
435
443
445
446
473
467
471
490
496
517
524
517
520
522
521
540
539
575
556
565
568
565
557
587
578
580
585
587
598
612
634
630
644
656
664
671
650
657
654
679
672
