36
32
33
34
35
36
37
38
39
40
41
42
43
45
45
47
48
49
50
51
52
54
55
57
58
59
60
62
63
65
66
68
69
70
72
74
75
76
78
80
82
83
85
87
88
90
92
94
96
97
100
102
105
107
109
110
111
113
118
124
124
126
130
133
136
137
139
141
139
140
149
153
171
159
156
159
163
173
173
175
186
186
183
185
187
194
195
197
196
200
207
211
204
206
210
230
230
224
226
231
231
240
248
249
257
255
254
263
269
261
266
275
278
275
279
284
287
291
297
299
302
307
313
316
326
330
346
349
343
353
347
354
377
372
382
382
388
391
401
405
408
403
404
425
425
435
446
448
480
470
458
444
467
466
477
499
489
488
499
507
520
525
536
533
534
538
527
540
570
575
577
585
578
593
582
582
589
592
597
600
611
628
653
663
666
661
657
670
668
667
680
707
708
706
727
750
778
754
772
774
777
