25
26
27
29
29
31
30
32
32
33
34
35
35
35
36
37
38
39
40
41
42
43
44
45
46
47
48
49
51
51
53
54
55
56
58
59
60
61
62
64
65
67
68
69
71
72
73
75
76
78
79
81
83
84
86
87
89
91
92
97
103
98
100
108
111
105
107
109
111
113
115
116
118
120
122
124
127
129
134
136
134
136
139
141
143
146
149
164
154
157
158
164
163
166
168
174
174
177
183
185
193
191
200
194
201
202
201
213
207
208
211
215
218
220
230
228
229
234
238
243
255
258
259
265
266
260
273
271
269
270
276
279
285
283
294
293
300
300
312
316
324
319
326
325
331
327
337
340
349
346
350
360
377
376
374
379
385
388
392
410
402
402
408
410
411
415
421
431
431
438
449
450
450
481
500
491
493
486
516
508
514
522
505
507
512
538
537
558
533
575
575
561
559
591
588
578
580
580
591
600
604
